node
49

link
0 7
1 8
2 9
3 10
4 11
5 12
6 13
7 0 14
8 1 15 14
9 2 16
10 3 17
11 4 18
12 5 29 20
13 6 20
14 7 21 8
15 8 22
16 9 23 17
17 16 18 10
18 17 11 25
19 12 26
20 13 27 12
21 14 28
22 15 29
23 16 30
24 31
25 16 32
26 19 33
27 20 34
28 21 35 29
29 28 30 22 36
30 29 23 31
31 30 32 24 39
32 31 25 33
33 32 34 26 40
34 27 33 41
35 28 42
36 37 43 29
37 36 43 38
38 37 39 44
39 38 44 45 40 31
40 41 46 47 33
41 34 48
42 35
43 36 37 44
44 43 38 39 45
45 44 39 46
46 45 40 47
47 46 40
48 41

door
8 14
10 17
12 20
22 29
24 31
26 33
29 36
31 39
33 40

start
48

exit
24

cross
15 19 43 46

zombiestart
2 4 42